00000000: 01001101 01011010 11000110 00000001 00000011 00000000  MZ....
00000006: 00010000 00000000 00000110 00000000 10000001 00000000  ......
0000000c: 11111111 11111111 01010111 00000000 00000000 00001000  ..W...
00000012: 00000000 00000000 10110000 00000000 00000000 00000000  ......
00000018: 00100000 00000000 00000000 00000000 00000000 00000000   .....
0000001e: 00000000 00000000 01111110 00000000 00000000 00000000  ..~...
00000024: 01100100 00000000 01010000 00000000 11101001 00000000  d.P...
0000002a: 00000000 00000000 01110111 00000001 00000000 00000000  ..w...
00000030: 01100011 00000010 00000000 00000000 10110010 00000010  c.....
00000036: 00000000 00000000 01011111 00000011 00000000 00000000  .._...
0000003c: 10001111 00000011 00000000 00000000 10010101 00000100  ......
00000042: 00000000 00000000 10111011 00000100 00000000 00000000  ......
00000048: 11001111 00000100 00000000 00000000 11011000 00000100  ......
0000004e: 00000000 00000000 11101010 00000100 00000000 00000000  ......
00000054: 11110011 00000100 00000000 00000000 01011010 00000000  ....Z.
0000005a: 01010000 00000000 01011110 00000000 01010000 00000000  P.^.P.
00000060: 10111000 00011000 00000000 00001110 00111110 11101000  ....>.
00000066: 01101011 00000000 01010011 01010001 01010010 01010110  k.SQRV
0000006c: 01010111 01010101 10001001 11100101 10000001 11101100  WU....
00000072: 00001000 00000000 11000111 01000110 11111010 00000000  ...F..
00000078: 00000000 11000111 01000110 11111100 00000000 00000000  ..F...
0000007e: 11000111 01000110 11111110 00000000 00000000 11000111  .F....
00000084: 01000110 11111010 00001100 00000000 11000111 01000110  F....F
0000008a: 11111100 00000101 00000000 10001011 01000110 11111010  ....F.
00000090: 00000011 01000110 11111100 10001001 01000110 11111110  .F..F.
00000096: 10001011 01000110 11111010 00101011 01000110 11111100  .F.+F.
0000009c: 10001001 01000110 11111110 10001011 01000110 11111010  .F..F.
000000a2: 11110111 01101110 11111100 10001001 01000110 11111110  .n..F.
000000a8: 10001011 01000110 11111010 10011001 11110111 01111110  .F...~
000000ae: 11111100 10001001 01000110 11111110 10001011 01000110  ..F..F
000000b4: 11111010 10011001 11110111 01111110 11111100 10001001  ...~..
000000ba: 01010110 11111110 11000111 01000110 11111000 00000000  V..F..
000000c0: 00000000 10001011 01000110 11111000 10001001 11101100  ..F...
000000c6: 01011101 01011111 01011110 01011010 01011001 01011011  ]_^ZY[
000000cc: 11001011 00000000 10001100 00010110 00100010 00000000  ....".
000000d2: 11001011 00111011 11000100 01110011 00011100 00101011  .;.s.+
000000d8: 11000100 11110111 11011000 00011110 01010000 10111000  ....P.
000000de: 01010000 00000000 10001110 11011000 01011000 00111011  P...X;
000000e4: 00000110 00110010 00000000 01110111 00000110 10001100  .2.w..
000000ea: 11010000 00111011 00000110 00100010 00000000 00011111  .;."..
000000f0: 01110100 00000001 11001011 00001110 01011010 10111000  t...Z.
000000f6: 10100000 00000000 10111011 00000001 00000000 11101001  ......
000000fc: 11001111 00000010 10001001 11000000 01010011 01110100  ....St
00000102: 01100001 01100011 01101011 00100000 01001111 01110110  ack Ov
00000108: 01100101 01110010 01100110 01101100 01101111 01110111  erflow
0000010e: 00100001 00000000 11101011 00110101 00101010 00101010  !..5**
00000114: 00101010 00100000 01001110 01010101 01001100 01001100  * NULL
0000011a: 00100000 01100001 01110011 01110011 01101001 01100111   assig
00000120: 01101110 01101101 01100101 01101110 01110100 00100000  nment 
00000126: 01100100 01100101 01110100 01100101 01100011 01110100  detect
0000012c: 01100101 01100100 00000000 01001110 01101111 01110100  ed.Not
00000132: 00100000 01100101 01101110 01101111 01110101 01100111   enoug
00000138: 01101000 00100000 01101101 01100101 01101101 01101111  h memo
0000013e: 01110010 01111001 00000000 01100011 01101111 01101110  ry.con
00000144: 00000000 00001101 00001010 11111011 10111001 01010000  .....P
0000014a: 00000000 10001110 11000001 10111011 01101100 00000000  ....l.
00000150: 10000011 11000011 00001111 10000000 11100011 11110000  ......
00000156: 00100110 10001001 00011110 00110010 00000000 00100110  &..2.&
0000015c: 10001100 00011110 00101100 00000000 00000011 11011100  ..,...
00000162: 10000011 11000011 00001111 10000000 11100011 11110000  ......
00000168: 10001110 11010001 10001011 11100011 00100110 10001001  ....&.
0000016e: 00011110 00110100 00000000 10001011 11010011 11010001  .4....
00000174: 11101010 11010001 11101010 11010001 11101010 11010001  ......
0000017a: 11101010 00100110 10000000 00111110 00110000 00000000  .&.>0.
00000180: 00000000 01110101 00111111 10001011 00001110 00000010  .u?...
00000186: 00000000 10001100 11000000 00101011 11001000 00111011  ...+.;
0000018c: 11010001 01110010 00001101 10111011 00000001 00000000  .r....
00000192: 10111000 11001111 00000000 10001100 11001010 11101001  ......
00000198: 00110011 00000010 10001001 11000000 10001100 11000000  3.....
0000019e: 10001011 11011010 11010001 11100011 11010001 11100011  ......
000001a4: 11010001 11100011 11010001 11100011 01110101 00000011  ....u.
000001aa: 10111011 11111110 11111111 00100110 10001001 00011110  ...&..
000001b0: 00101010 00000000 10001011 11011010 00000011 11011000  *.....
000001b6: 00100110 10100001 00101100 00000000 10001110 11000000  &.,...
000001bc: 00101011 11011000 10110100 01001010 11001101 00100001  +..J.!
000001c2: 10001100 11011111 10001110 11000111 10111111 10000001  ......
000001c8: 00000000 10001010 01001101 11111111 00110010 11101101  ..M.2.
000001ce: 11111100 10110000 00100000 11110011 10101110 10001101  .. ...
000001d4: 01110101 11111111 10111010 01010000 00000000 10001110  u..P..
000001da: 11000010 00100110 10001011 00111110 00110010 00000000  .&.>2.
000001e0: 00100110 10001001 00111110 01001011 00000000 00100110  &.>K.&
000001e6: 10001100 00000110 01001101 00000000 01110100 00000011  ..M.t.
000001ec: 01000001 11110011 10100100 00101010 11000000 10101010  A..*..
000001f2: 10101010 01001111 10110100 00110000 11001101 00100001  .O.0.!
000001f8: 00100110 10100010 00101110 00000000 00100110 10001000  &...&.
000001fe: 00100110 00101111 00000000 10001011 11001111 00111100  &/...<
00000204: 00000011 01110010 01011000 10001110 00011110 00101100  .rX..,
0000020a: 00000000 00101011 11110110 10111101 00000000 00000001  .+....
00000210: 10001011 00000100 00001101 00100000 00100000 00111101  ...  =
00000216: 01101110 01101111 01110101 00010010 10000001 01111100  nou..|
0000021c: 00000010 00111000 00110111 01110101 00100111 10000000  .87u'.
00000222: 01111100 00000100 00111101 01110101 00100001 10000011  |.=u!.
00000228: 11001101 00000001 11101011 00011100 00111101 01101100  ....=l
0000022e: 01100110 01110101 00011010 10001011 01000100 00000010  fu..D.
00000234: 00001100 00100000 00111101 01101110 00111101 01110101  . =n=u
0000023a: 00010000 10001010 01000100 00000100 00001100 00100000  ..D.. 
00000240: 00111100 01101110 01110101 00000111 10000001 11100101  <nu...
00000246: 11111111 11111110 10000011 11000110 00000101 10000000  ......
0000024c: 00111100 00000000 10101100 01110101 11111010 10000000  <..u..
00000252: 00111100 00000000 01110101 10111010 10101100 01000110  <.u..F
00000258: 01000110 10000000 00111100 00000000 10100100 01110101  F.<..u
0000025e: 11111010 10001110 11011010 10001011 11110001 10001001  ......
00000264: 00110110 01001111 00000000 10001100 00000110 01010001  6O...Q
0000026a: 00000000 10001011 11011100 10001011 11000101 10100010  ......
00000270: 00111010 00000000 00100000 00100110 01010100 00000000  :. &T.
00000276: 10001001 00111110 00110010 00000000 10111001 01101100  .>2..l
0000027c: 00000000 10111111 01100110 00000000 00101011 11001111  ..f.+.
00000282: 00110010 11000000 11110011 10101010 10000011 00111110  2....>
00000288: 00111011 00000000 00000000 01110101 00011000 10111000  ;..u..
0000028e: 01100110 00000011 10100011 00111011 00000000 10001100  f..;..
00000294: 00001110 00111101 00000000 10100011 00111111 00000000  .=..?.
0000029a: 10001100 00001110 01000001 00000000 10100011 01000011  ..A..C
000002a0: 00000000 10001100 00001110 01000101 00000000 00110011  ...E.3
000002a6: 11101101 01010101 10001011 11101100 10111000 01100101  .U...e
000002ac: 00000011 10100011 01000111 00000000 10001100 00001110  ..G...
000002b2: 01001001 00000000 10111000 11111111 00000000 00001110  I.....
000002b8: 00111110 11101000 01111110 00000001 00001110 11101000  >.~...
000002be: 00101000 00000001 10010000 01010000 10111010 01010000  (..P.P
000002c4: 00000000 10001110 11011010 11111100 10001101 00111110  .....>
000002ca: 00000000 00000000 10001110 11000010 10111001 00010000  ......
000002d0: 00000000 10111000 00000001 00000001 11110011 10101111  ......
000002d6: 01110100 00111001 01011011 10111000 10110010 00000000  t9[...
000002dc: 10001100 11001010 10111100 11101100 00000000 01010011  .....S
000002e2: 01010000 01010010 10001100 11001111 10001110 11011111  PR....
000002e8: 10111010 11100001 00000000 10111000 00000001 00111101  .....=
000002ee: 11001101 00100001 10001011 11011000 00011111 01011010  .!...Z
000002f4: 10001011 11110010 11111100 10101100 10000100 11000000  ......
000002fa: 01110101 11111011 10001011 11001110 00101011 11001010  u...+.
00000300: 01001001 10110100 01000000 11001101 00100001 10001110  I.@.!.
00000306: 11011111 10111010 11100101 00000000 10111001 00000010  ......
0000030c: 00000000 10110100 01000000 11001101 00100001 10111010  ..@.!.
00000312: 01010000 00000000 10001110 11011010 10000000 00111110  P....>
00000318: 00100100 00000000 00000000 01110100 00001011 10100000  $..t..
0000031e: 00100101 00000000 10110100 00100101 11000101 00010110  %..%..
00000324: 00100110 00000000 11001101 00100001 00110011 11000000  &..!3.
0000032a: 10111010 00001111 00000000 00001110 00111110 11101000  ....>.
00000330: 01011111 00000001 01011000 10110100 01001100 11001101  _.X.L.
00000336: 00100001 01001111 01110000 01100101 01101110 00100000  !Open 
0000033c: 01010111 01100001 01110100 01100011 01101111 01101101  Watcom
00000342: 00100000 01000011 00101111 01000011 00101011 00101011   C/C++
00000348: 00110001 00110110 00100000 01010010 01110101 01101110  16 Run
0000034e: 00101101 01010100 01101001 01101101 01100101 00100000  -Time 
00000354: 01110011 01111001 01110011 01110100 01100101 01101101  system
0000035a: 00101110 00100000 01000011 01101111 01110000 01111001  . Copy
00000360: 01110010 01101001 01100111 01101000 01110100 00100000  right 
00000366: 00101000 01100011 00101001 00100000 01001111 01110000  (c) Op
0000036c: 01100101 01101110 00100000 01010111 01100001 01110100  en Wat
00000372: 01100011 01101111 01101101 00100000 01000011 01101111  com Co
00000378: 01101110 01110100 01110010 01101001 01100010 01110101  ntribu
0000037e: 01110100 01101111 01110010 01110011 00100000 00110010  tors 2
00000384: 00110000 00110000 00110010 00101101 00110010 00110000  002-20
0000038a: 00110010 00110011 00101110 00100000 01010000 01101111  23. Po
00000390: 01110010 01110100 01101001 01101111 01101110 01110011  rtions
00000396: 00100000 01000011 01101111 01110000 01111001 01110010   Copyr
0000039c: 01101001 01100111 01101000 01110100 00100000 00101000  ight (
000003a2: 01000011 00101001 00100000 01010011 01111001 01100010  C) Syb
000003a8: 01100001 01110011 01100101 00101100 00100000 01001001  ase, I
000003ae: 01101110 01100011 00101110 00100000 00110001 00111001  nc. 19
000003b4: 00111000 00111000 00101101 00110010 00110000 00110000  88-200
000003ba: 00110010 00101110 00000000 01010000 10111000 01010000  2..P.P
000003c0: 00000000 10001110 11011000 01011000 11000011 11001011  ...X..
000003c6: 11001011 00000000 11101001 00010011 11111111 10001001  ......
000003cc: 11000000 10001001 11000001 10001001 11010110 00001110  ......
000003d2: 00111110 11101000 00011101 00000001 10000101 11000000  >.....
000003d8: 01110101 00000110 10001001 11001000 10001001 11110010  u.....
000003de: 11101011 11101000 10001001 11011000 11101001 11011100  ......
000003e4: 11111110 10001001 11000000 00000000 01000101 01010101  ....EU
000003ea: 10001001 11100101 01010011 01010001 10111000 01010000  ..SQ.P
000003f0: 00000000 10001110 11011000 10001011 00011110 01100110  .....f
000003f6: 00000000 10001011 00001110 01101000 00000000 10100001  ...h..
000003fc: 01101010 00000000 00001110 11101000 01011110 11111100  j...^.
00000402: 10010000 11101001 00010010 00000001 10001001 11000000  ......
00000408: 01010011 01010010 01010101 10001001 11100101 10001001  SRU...
0000040e: 11000011 10000011 00111111 00000000 01110101 00000110  ..?.u.
00000414: 10001001 11101100 01011101 01011010 01011011 11000011  ..]Z[.
0000041a: 00011110 11111111 00010111 00011111 11101011 11110100  ......
00000420: 01010011 01010010 01010101 10001001 11100101 10001001  SRU...
00000426: 11000011 10001011 01000111 00000010 10001011 00010111  ..G...
0000042c: 10000101 11000000 01110101 00000100 10000101 11010010  ..u...
00000432: 01110100 11100000 00011110 11111111 00011111 00011111  t.....
00000438: 11101011 11011010 01010011 01010001 01010010 01010110  ..SQRV
0000043e: 01010101 10001001 11100101 10001001 11000010 00011110  U.....
00000444: 11101000 01110110 11111111 10111001 01100110 00000000  .v..f.
0000044a: 10111011 01100000 00000000 10001001 11001110 10001000  .`....
00000450: 11010000 10000001 11111011 01100110 00000000 01110011  ...f.s
00000456: 00010110 10000000 00111111 00000010 01110101 00000101  ..?.u.
0000045c: 10000011 11000011 00000110 11101011 11110000 00111010  .....:
00000462: 01000111 00000001 01110010 11110110 10001001 11011110  G.r...
00000468: 10001010 01000111 00000001 11101011 11101111 10000001  .G....
0000046e: 11111110 01100110 00000000 01110100 00010101 10001101  .f.t..
00000474: 01000100 00000010 10000000 00111100 00000000 01110101  D..<.u
0000047a: 00001000 11101000 10001010 11111111 11000110 00000100  ......
00000480: 00000010 11101011 11000111 11101000 10011010 11111111  ......
00000486: 11101011 11110110 00011111 10001001 11101100 01011101  .....]
0000048c: 01011110 01011010 01011001 01011011 11001011 01010011  ^ZY[.S
00000492: 01010001 01010110 01010101 10001001 11100101 10001001  QVU...
00000498: 11000011 10001001 11010001 00011110 11101000 00011110  ......
0000049e: 11111111 10001000 11011110 10111001 01100110 00000000  ....f.
000004a4: 10111011 01100110 00000000 10001001 11001110 10001000  .f....
000004aa: 11110000 10000001 11111011 01100110 00000000 01110011  ...f.s
000004b0: 00010110 10000000 00111111 00000010 01110101 00000101  ..?.u.
000004b6: 10000011 11000011 00000110 11101011 11110000 00111010  .....:
000004bc: 01000111 00000001 01110111 11110110 10001001 11011110  G.w...
000004c2: 10001010 01000111 00000001 11101011 11101111 10000001  .G....
000004c8: 11111110 01100110 00000000 01110100 00011100 00111010  .f.t.:
000004ce: 01010100 00000001 01110011 00000101 11000110 00000100  T.s...
000004d4: 00000010 11101011 11001101 10001101 01000100 00000010  ....D.
000004da: 10000000 00111100 00000000 01110101 00000101 11101000  .<.u..
000004e0: 00100110 11111111 11101011 11101110 11101000 00111001  &....9
000004e6: 11111111 11101011 11101001 00011111 10001001 11101100  ......
000004ec: 01011101 01011110 01011001 01011011 11001011 00000000  ]^Y[..
000004f2: 11000011 01010011 10111011 01010000 00000000 10001110  .S.P..
000004f8: 11011011 10000000 00111110 01010110 00000000 00000000  ..>V..
000004fe: 01110101 00000100 00110001 11000000 01011011 11001011  u.1.[.
00000504: 01010010 01010000 11001100 11101011 00000110 01010111  RP...W
0000050a: 01010110 01001001 01000100 01000101 01001111 10111000  VIDEO.
00000510: 00000001 00000000 10000011 11000100 00000100 01011011  .....[
00000516: 11001011 11001011 10001001 11000011 10111000 01010000  .....P
0000051c: 00000000 10001110 11011000 10111010 11111111 00000000  ......
00000522: 11111111 00011110 01011000 00000000 10111000 00010000  ..X...
00000528: 00000000 00001110 00111110 11101000 01100011 11111111  ..>.c.
0000052e: 10111000 01010000 00000000 10001110 11011000 11111111  .P....
00000534: 00011110 01011000 00000000 10111000 01010000 00000000  .X..P.
0000053a: 10001110 11011000 11111111 00011110 01011100 00000000  ....\.
00000540: 10001001 11011000 11101001 01111100 11111101 10001001  ...|..
00000546: 11000000 10001001 11000010 10111000 01010000 00000000  ....P.
0000054c: 10001110 11011000 11111111 00011110 01011000 00000000  ....X.
00000552: 10111000 01010000 00000000 10001110 11011000 11111111  .P....
00000558: 00011110 01011100 00000000 10001001 11010000 11101011  .\....
0000055e: 11100011 00000000 00000001 00000001 00000001 00000001  ......
00000564: 00000001 00000001 00000001 00000001 00000001 00000001  ......
0000056a: 00000001 00000001 00000001 00000001 00000001 00000001  ......
00000570: 00000001 00000001 00000001 00000001 00000001 00000001  ......
00000576: 00000001 00000001 00000001 00000001 00000001 00000001  ......
0000057c: 00000001 00000001 00000001 00000001 00000000 00000000  ......
00000582: 00000000 00000000 00000000 00000000 00000000 00000000  ......
00000588: 00000000 00000000 00000000 00000000 00000000 00000000  ......
0000058e: 00000000 00000000 00000000 00001100 00000000 00000000  ......
00000594: 00000000 00000000 00000000 00000000 00000000 00000000  ......
0000059a: 00000000 00000000 00000000 00000000 00000000 00000000  ......
000005a0: 00000000 00000000 00000000 00000000 00000000 00000000  ......
000005a6: 00000000 00000000 00000000 00000000 00000000 00000000  ......
000005ac: 00000000 00000000 00000000 00000000 00000000 00000000  ......
000005b2: 00000000 00000000 00000001 00000000 00000000 00000000  ......
000005b8: 10110111 00000100 00000000 00000000 10110111 00000100  ......
000005be: 00000000 00000000 00000001 00100000 01101110 00000000  ... n.
000005c4: 00000000 00000000                                      ..
